eve_loss
[1.2356423545066648,
 0.7119718430292278,
 0.5271883879781076,
 0.3411885977858474,
 0.19250712574214257,
 0.0908615383917413,
 0.02315352060248517,
 0.005285781929078885,
 0.0024726377288594166,
 0.0018277278025884665,
 0.07494848858222093,
 0.004749624604654626,
 0.0021436171947985597,
 0.0016651889373300599,
 0.0010128615608931896,
 0.038022734520077366,
 0.005683245539279361,
 0.0015321794682649217,
 0.0012454545371594088,
 0.003804757873720637,
 0.0007215388755783285,
 0.0005173911822124925,
 0.0003018301890140561,
 0.019154556421027105,
 0.0012769587109457275,
 0.0005514654156732878,
 0.0005057969244385775,
 0.0005109714883197421,
 0.0036611249025784855,
 0.0007084371903768313,
 0.0005816818054770228,
 0.0004973038263610608,
 0.000880091772441539,
 0.0017113609077489902,
 0.0002425681965117749,
 0.0015974918624077734,
 0.0009236321931749832,
 0.0003410308572920418,
 0.00019799505302067977,
 0.00011310426764996475,
 8.93001378409813e-05,
 0.012903482965378289,
 0.000629966929288464,
 0.00030217018472524984,
 0.00031045284532361884,
 0.00017197156459187784,
 0.0007461732957357911,
 0.00035662216144157497,
 0.00019790201466214958,
 0.00011626959254648401,
 0.0018856682643235369,
 0.00017412014153298883,
 0.00010747411429560192,
 0.0008570563640696167,
 0.000129685342243975,
 0.00015933861915210299,
 0.0005353466665400613,
 0.0001281765602694145,
 7.810125795780754e-05,
 0.0021495850105054484,
 0.00029205500709918365,
 0.00013276926713207818,
 8.918601540414509e-05,
 0.0006068979075554844,
 0.00022583952554471235,
 0.0001224551171682479,
 5.952440174658246e-05,
 5.9284380642468605e-05,
 2.993062716391283e-05,
 0.00044984593222279797,
 7.009925302135926e-05,
 4.406250737909085e-05,
 5.919199516622186e-05,
 0.0009525056558904118,
 0.00011070247953105584,
 7.655255862830576e-05,
 4.7119313368217714e-05,
 0.000728526984046236,
 0.0001148339172447389,
 5.554506129286276e-05,
 5.395380496171001e-05,
 3.6889794552067544e-05,
 0.0001721755422674397,
 4.460038346219233e-05,
 0.00020447910592198736,
 9.545824307230197e-05,
 4.288623385760184e-05,
 2.5852808549873948e-05,
 0.0008408545787818969,
 7.936337536721627e-05,
 3.634922955136945e-05,
 5.1442671416397624e-05,
 2.907187662809692e-05,
 6.204924186668905e-05,
 2.1331325585037154e-05,
 0.0007957614515085559,
 0.00010556637656653427,
 3.6683392010109934e-05,
 3.4567585140054326e-05,
 0.0004404057679056841]
 
 eve_test_loss
 [0.894472183306006,
 0.7727658741081818,
 0.7132700877853587,
 0.7898979141742368,
 0.8777390250676795,
 0.937920417966722,
 0.947388500352449,
 0.9744626736339135,
 1.0487446090843104,
 1.56183431571043,
 1.054772428319424,
 1.081817240277423,
 1.1136948300313345,
 1.1300721074206919,
 1.182735394073438,
 1.1694454007510897,
 1.146823542782023,
 1.1698671426576903,
 1.2738676901105084,
 1.2422989629491974,
 1.2340507294181027,
 1.2608544932136052,
 1.6835494758207588,
 1.296529247036463,
 1.2736320276803608,
 1.3170948722694493,
 1.3252308285689052,
 1.3784779132921485,
 1.3309604593470126,
 1.3341092429583585,
 1.3703393694720691,
 1.3782111240338675,
 1.427634289747552,
 1.3903761928594565,
 1.4249894754796089,
 1.4485432452793363,
 1.4412026201622397,
 1.4497387552563148,
 1.4334511258934117,
 1.4491069784647301,
 1.4889359376098537,
 1.4782796977441521,
 1.4830570220947266,
 1.4873700715318512,
 1.4848021019863178,
 1.4770874222622643,
 1.5143601532223858,
 1.4933680401572698,
 1.503407208225395,
 1.549666828747037,
 1.5188179672518862,
 1.5065056757081914,
 1.5643225561214398,
 1.5868819122073017,
 1.553871427155748,
 1.6140623545344872,
 1.5569256710100778,
 1.595466643194609,
 1.565842105618006,
 1.5872588097294675,
 1.5503606603869908,
 1.5636689089521576,
 1.555067220066167,
 1.6169100343426572,
 1.572555591788473,
 1.5699170548704606,
 1.584155049505113,
 1.6053137341632118,
 1.6826501171800154,
 1.6204229102859014,
 1.601781034016911,
 1.6476223272613333,
 1.6977279095710078,
 1.6533325676676593,
 1.643657550027099,
 1.6492370163338095,
 1.782562502577335,
 1.701168288158465,
 1.696786659427836,
 1.689603718021248,
 1.684970839868618,
 1.6871148219591454,
 1.6928568942637383,
 1.6811379148990293,
 1.7105162935920908,
 1.6820037168792532,
 1.6912202578556688,
 1.6829555147810826,
 1.694633778326119,
 1.695948051500924,
 1.7150073081632204,
 1.6874402686010432,
 1.7666652051708367,
 1.7409322374983678,
 1.8678902010374432,
 1.738374555412727,
 1.699575764091709,
 1.7365040877197362,
 1.7335124491136285,
 1.755592967890486]
 
 eve_test_accuracy
 [0.6803,
 0.7347,
 0.7649,
 0.7632,
 0.7693,
 0.7821,
 0.7945,
 0.7965,
 0.7953,
 0.7377,
 0.7865,
 0.7912,
 0.794,
 0.7932,
 0.7906,
 0.7843,
 0.7913,
 0.7931,
 0.7835,
 0.7905,
 0.7929,
 0.7926,
 0.7499,
 0.7897,
 0.7905,
 0.7861,
 0.7921,
 0.7807,
 0.7914,
 0.7946,
 0.7942,
 0.7908,
 0.7887,
 0.7916,
 0.7921,
 0.7881,
 0.79,
 0.79,
 0.7915,
 0.7921,
 0.7922,
 0.7856,
 0.7886,
 0.7868,
 0.7877,
 0.79,
 0.7873,
 0.7896,
 0.7903,
 0.7884,
 0.7845,
 0.7877,
 0.7875,
 0.7857,
 0.787,
 0.7811,
 0.787,
 0.7874,
 0.7895,
 0.7841,
 0.7863,
 0.7861,
 0.7897,
 0.7869,
 0.7904,
 0.7906,
 0.7889,
 0.7921,
 0.7853,
 0.7892,
 0.7895,
 0.7916,
 0.7871,
 0.7902,
 0.7894,
 0.7912,
 0.7814,
 0.7884,
 0.7902,
 0.7921,
 0.7926,
 0.7873,
 0.7925,
 0.7932,
 0.7878,
 0.7898,
 0.7901,
 0.7904,
 0.7893,
 0.7911,
 0.7916,
 0.7912,
 0.7855,
 0.79,
 0.774,
 0.788,
 0.7891,
 0.7863,
 0.7891,
 0.7891]